1.000000000000000000e+00
9.999802213186832489e-01
9.999208860571254798e-01
9.998219965624731698e-01
9.996835567465338634e-01
9.995055720856215187e-01
9.992880496203400131e-01
9.990309979553043673e-01
9.987344272588005722e-01
9.983983492623831335e-01
9.980227772604111092e-01
9.976077261095226412e-01
9.971532122280464261e-01
9.966592535953529008e-01
9.961258697511429228e-01
9.955530817946746103e-01
9.949409123839287883e-01
9.942893857347129272e-01
9.935985276197029092e-01
9.928683653674237330e-01
9.920989278611684892e-01
9.912902455378553856e-01
9.904423503868245993e-01
9.895552759485719552e-01
9.886290573134226545e-01
9.876637311201432734e-01
9.866593355544920341e-01
9.856159103477084571e-01
9.845334967749419519e-01
9.834121376536186787e-01
9.822518773417481253e-01
9.810527617361680663e-01
9.798148382707294601e-01
9.785381559144196162e-01
9.772227651694256334e-01
9.758687180691361096e-01
9.744760681760832322e-01
9.730448705798238063e-01
9.715751818947602203e-01
9.700670602579007928e-01
9.685205653265598347e-01
9.669357582759983138e-01
9.653127017970033474e-01
9.636514600934086294e-01
9.619520988795547956e-01
9.602146853776895030e-01
9.584392883153086684e-01
9.566259779224377535e-01
9.547748259288535433e-01
9.528859055612467488e-01
9.509592915403253244e-01
9.489950600778587209e-01
9.469932888736632970e-01
9.449540571125283339e-01
9.428774454610842071e-01
9.407635360646109390e-01
9.386124125437893539e-01
9.364241599913922798e-01
9.341988649689197954e-01
9.319366155031739707e-01
9.296375010827770957e-01
9.273016126546322901e-01
9.249290426203250481e-01
9.225198848324687173e-01
9.200742345909913578e-01
9.175921886393665350e-01
9.150738451607860480e-01
9.125193037742761470e-01
9.099286655307567973e-01
9.073020329090444314e-01
9.046395098117980815e-01
9.019412015614095557e-01
8.992072148958367706e-01
8.964376579643817955e-01
8.936326403234122751e-01
8.907922729320283395e-01
8.879166681476730050e-01
8.850059397216873958e-01
8.820602027948114543e-01
8.790795738926289182e-01
8.760641709209582295e-01
8.730141131611881544e-01
8.699295212655596687e-01
8.668105172523928870e-01
8.636572245012605897e-01
8.604697677481076834e-01
8.572482730803168138e-01
8.539928679317208005e-01
8.507036810775614466e-01
8.473808426293962803e-01
8.440244840299504503e-01
8.406347380479182174e-01
8.372117387727107118e-01
8.337556216091516204e-01
8.302665232721208044e-01
8.267445817811464037e-01
8.231899364549453146e-01
8.196027279059115989e-01
8.159830980345545992e-01
8.123311900238859851e-01
8.086471483337549504e-01
8.049311186951348951e-01
8.011832481043574816e-01
7.974036848172990632e-01
7.935925783435149317e-01
7.897500794403260471e-01
7.858763401068549204e-01
7.819715135780130888e-01
7.780357543184395208e-01
7.740692180163906144e-01
7.700720615775812350e-01
7.660444431189781245e-01
7.619865219625450159e-01
7.578984586289410075e-01
7.537804148311695318e-01
7.496325534681825831e-01
7.454550386184362054e-01
7.412480355334002402e-01
7.370117106310212218e-01
7.327462314891398654e-01
7.284517668388609257e-01
7.241284865578803132e-01
7.197765616637634700e-01
7.153961643071820031e-01
7.109874677651023545e-01
7.065506464339325055e-01
7.020858758226226071e-01
6.975933325457229772e-01
6.930731943163972453e-01
6.885256399393923088e-01
6.839508493039657688e-01
6.793490033767698444e-01
6.747202841946926544e-01
6.700648748576574221e-01
6.653829595213794912e-01
6.606747233900815974e-01
6.559403527091677288e-01
6.511800347578557968e-01
6.463939578417693399e-01
6.415823112854884824e-01
6.367452854250607031e-01
6.318830716004723014e-01
6.269958621480785643e-01
6.220838503929960739e-01
6.171472306414552689e-01
6.121861981731138158e-01
6.072009492333317882e-01
6.021916810254096530e-01
5.971585917027862900e-01
5.921018803612011494e-01
5.870217470308187746e-01
5.819183926683152430e-01
5.767920191489297466e-01
5.716428292584788684e-01
5.664710266853340004e-01
5.612768160123653427e-01
5.560604027088477119e-01
5.508219931223341526e-01
5.455617944704920230e-01
5.402800148329071073e-01
5.349768631428517551e-01
5.296525491790206042e-01
5.243072835572318846e-01
5.189412777220960837e-01
5.135547439386516366e-01
5.081478952839694196e-01
5.027209456387218278e-01
4.972741096787242632e-01
4.918076028664418731e-01
4.863216414424669787e-01
4.808164424169648066e-01
4.752922235610899659e-01
4.697492033983708959e-01
4.641876011960662241e-01
4.586076369564909827e-01
4.530095314083142366e-01
4.473935059978269013e-01
4.417597828801831383e-01
4.361085849106111079e-01
4.304401356355981867e-01
4.247546592840479307e-01
4.190523807584100591e-01
4.133335256257841261e-01
4.075983201089962704e-01
4.018469910776512055e-01
3.960797660391568997e-01
3.902968731297256078e-01
3.844985411053492008e-01
3.786849993327502384e-01
3.728564777803086150e-01
3.670132070089653920e-01
3.611554181631012050e-01
3.552833429613937444e-01
3.493972136876510315e-01
3.434972631816234356e-01
3.375837248297924864e-01
3.316568325561390917e-01
3.257168208128906062e-01
3.197639245712453615e-01
3.137983793120787679e-01
3.078204210166279320e-01
3.018302861571569573e-01
2.958282116876024825e-01
2.898144350342012343e-01
2.837891940860969298e-01
2.777527271859306923e-01
2.717052731204127047e-01
2.656470711108764871e-01
2.595783608038157997e-01
2.534993822614047820e-01
2.474103759520024926e-01
2.413115827406393799e-01
2.352032438794901537e-01
2.290856009983301689e-01
2.229588960949774046e-01
2.168233715257192329e-01
2.106792699957263926e-01
2.045268345494510032e-01
1.983663085610130328e-01
1.921979357245730546e-01
1.860219600446922361e-01
1.798386258266798932e-01
1.736481776669304145e-01
1.674508604432463355e-01
1.612469193051524197e-01
1.550365996641980271e-01
1.488201471842492130e-01
1.425978077717711123e-01
1.363698275660999715e-01
1.301364529297077965e-01
1.238979304384552060e-01
1.176545068718387460e-01
1.114064292032284770e-01
1.051539445900985248e-01
9.889730036424984605e-02
9.263674402202741465e-02
8.637252321452851267e-02
8.010488573780724653e-02
7.383407952307213806e-02
6.756035262687862253e-02
6.128395322131637707e-02
5.500512958419316589e-02
4.872413008921228084e-02
4.244120319614846232e-02
3.615659744101921286e-02
2.987056142625339056e-02
2.358334381085716580e-02
1.729519330057748341e-02
1.100635863806481186e-02
4.717088593032224379e-03
-1.572368047584414043e-03
-7.861762489468000423e-03
-1.415084594076185254e-02
-2.043936962191147608e-02
-2.672708477550474193e-02
-3.301374267611340702e-02
-3.929909464013114917e-02
-4.558289203561104175e-02
-5.186488629210079387e-02
-5.814482891047555169e-02
-6.442247147276805586e-02
-7.069756565199454557e-02
-7.696986322197922614e-02
-8.323911606717258882e-02
-8.950507619246639290e-02
-9.576749573300370744e-02
-1.020261269639840263e-01
-1.082807223104617217e-01
-1.145310343571407652e-01
-1.207768158581609685e-01
-1.270178197468785353e-01
-1.332537991456394511e-01
-1.394845073755452969e-01
-1.457096979662113323e-01
-1.519291246655155025e-01
-1.581425414493406734e-01
-1.643497025313059301e-01
-1.705503623724894668e-01
-1.767442756911413726e-01
-1.829311974723865919e-01
-1.891108829779161726e-01
-1.952830877556698541e-01
-2.014475676495050271e-01
-2.076040788088550360e-01
-2.137523776983754065e-01
-2.198922211075776123e-01
-2.260233661604489352e-01
-2.321455703250614455e-01
-2.382585914231648283e-01
-2.443621876397667481e-01
-2.504561175326982525e-01
-2.565401400421647993e-01
-2.626140145002818227e-01
-2.686775006405944244e-01
-2.747303586075827142e-01
-2.807723489661491101e-01
-2.868032327110900392e-01
-2.928227712765500979e-01
-2.988307265454596684e-01
-3.048268608589530526e-01
-3.108109370257710058e-01
-3.167827183316425654e-01
-3.227419685486490608e-01
-3.286884519445685826e-01
-3.346219332922013567e-01
-3.405421778786735243e-01
-3.464489515147233800e-01
-3.523420205439641295e-01
-3.582211518521272176e-01
-3.640861128762835630e-01
-3.699366716140429778e-01
-3.757725966327321032e-01
-3.815936570785483650e-01
-3.873996226856928904e-01
-3.931902637854787774e-01
-3.989653513154161057e-01
-4.047246568282732437e-01
-4.104679525011137864e-01
-4.161950111443075140e-01
-4.219056062105192018e-01
-4.275995118036689524e-01
-4.332765026878683257e-01
-4.389363542963303222e-01
-4.445788427402523890e-01
-4.502037448176730017e-01
-4.558108380223008793e-01
-4.613999005523168329e-01
-4.669707113191480241e-01
-4.725230499562119157e-01
-4.780566968276359630e-01
-4.835714330369442204e-01
-4.890670404357166934e-01
-4.945433016322185460e-01
-4.999999999999997780e-01
-5.054369196864642033e-01
-5.108538456214083423e-01
-5.162505635255284497e-01
-5.216268599188974564e-01
-5.269825221294092144e-01
-5.323173383011916560e-01
-5.376310974029870904e-01
-5.429235892364993044e-01
-5.481946044447096877e-01
-5.534439345201582761e-01
-5.586713718131919304e-01
-5.638767095401776563e-01
-5.690597417916835044e-01
-5.742202635406232769e-01
-5.793580706503665967e-01
-5.844729598828146688e-01
-5.895647289064390728e-01
-5.946331763042862484e-01
-5.996781015819447891e-01
-6.046993051754753212e-01
-6.096965884593068541e-01
-6.146697537540921630e-01
-6.196186043345285333e-01
-6.245429444371387584e-01
-6.294425792680156118e-01
-6.343173150105274605e-01
-6.391669588329846885e-01
-6.439913188962680390e-01
-6.487902043614169889e-01
-6.535634253971789320e-01
-6.583107931875183949e-01
-6.630321199390866171e-01
-6.677272188886483884e-01
-6.723959043104723587e-01
-6.770379915236761637e-01
-6.816532968995326902e-01
-6.862416378687333784e-01
-6.908028329286107772e-01
-6.953367016503176901e-01
-6.998430646859650217e-01
-7.043217437757161026e-01
-7.087725617548380486e-01
-7.131953425607098218e-01
-7.175899112397874369e-01
-7.219560939545244249e-01
-7.262937179902470008e-01
-7.306026117619885962e-01
-7.348826048212757645e-01
-7.391335278628710093e-01
-7.433552127314699831e-01
-7.475474924283533884e-01
-7.517102011179930265e-01
-7.558431741346117727e-01
-7.599462479886973654e-01
-7.640192603734690113e-01
-7.680620501712993597e-01
-7.720744574600859611e-01
-7.760563235195789833e-01
-7.800074908376581906e-01
-7.839278031165656246e-01
-7.878171052790866602e-01
-7.916752434746852085e-01
-7.955020650855897379e-01
-7.992974187328300006e-01
-8.030611542822254645e-01
-8.067931228503240071e-01
-8.104931768102918710e-01
-8.141611697977525486e-01
-8.177969567165774833e-01
-8.214003937446250347e-01
-8.249713383394301491e-01
-8.285096492438420723e-01
-8.320151864916135453e-01
-8.354878114129362654e-01
-8.389273866399271640e-01
-8.423337761120616163e-01
-8.457068450815559135e-01
-8.490464601186976656e-01
-8.523524891171239126e-01
-8.556248012990463891e-01
-8.588632672204258300e-01
-8.620677587760912086e-01
-8.652381492048080158e-01
-8.683743130942926935e-01
-8.714761263861723339e-01
-8.745434663808941966e-01
-8.775762117425776054e-01
-8.805742425038145527e-01
-8.835374400704151254e-01
-8.864656872260985310e-01
-8.893588681371301652e-01
-8.922168683569036141e-01
-8.950395748304676991e-01
-8.978268758989988996e-01
-9.005786613042181532e-01
-9.032948221927523669e-01
-9.059752511204398617e-01
-9.086198420565818612e-01
-9.112284903881355813e-01
-9.138010929238531421e-01
-9.163375478983629696e-01
-9.188377549761959084e-01
-9.213016152557539362e-01
-9.237290312732224784e-01
-9.261199070064257688e-01
-9.284741478786255886e-01
-9.307916607622618299e-01
-9.330723539826371038e-01
-9.353161373215428398e-01
-9.375229220208274317e-01
-9.396926207859083169e-01
-9.418251477892247703e-01
-9.439204186736328550e-01
-9.459783505557423089e-01
-9.479988620291953660e-01
-9.499818731678869588e-01
-9.519273055291264107e-01
-9.538350821567402882e-01
-9.557051275841168536e-01
-9.575373678371907893e-01
-9.593317304373700782e-01
-9.610881444044027111e-01
-9.628065402591843291e-01
-9.644868500265070255e-01
-9.661290072377478610e-01
-9.677329469334987611e-01
-9.692986056661354599e-01
-9.708259215023276045e-01
-9.723148340254889055e-01
-9.737652843381667811e-01
-9.751772150643720494e-01
-9.765505703518492231e-01
-9.778852958742849655e-01
-9.791813388334579260e-01
-9.804386479613267369e-01
-9.816571735220580575e-01
-9.828368673139947775e-01
-9.839776826715614932e-01
-9.850795744671114740e-01
-9.861424991127114570e-01
-9.871664145618657127e-01
-9.881512803111794918e-01
-9.890970574019612993e-01
-9.900037084217637728e-01
-9.908711975058636101e-01
-9.916994903386806559e-01
-9.924885541551350387e-01
-9.932383577419430232e-01
-9.939488714388522439e-01
-9.946200671398148785e-01
-9.952519182940990916e-01
-9.958443999073396391e-01
-9.963974885425265215e-01
-9.969111623209320205e-01
-9.973854009229761175e-01
-9.978201855890307392e-01
-9.982154991201608318e-01
-9.985713258788059266e-01
-9.988876517893977569e-01
-9.991644643389177016e-01
-9.994017525773912780e-01
-9.995995071183215730e-01
-9.997577201390606128e-01
-9.998763853811183377e-01
-9.999554981504109596e-01
-9.999950553174459245e-01
-9.999950553174459245e-01
-9.999554981504109596e-01
-9.998763853811183377e-01
-9.997577201390606128e-01
-9.995995071183216840e-01
-9.994017525773913890e-01
-9.991644643389178126e-01
-9.988876517893978679e-01
-9.985713258788059266e-01
-9.982154991201609429e-01
-9.978201855890307392e-01
-9.973854009229762285e-01
-9.969111623209320205e-01
-9.963974885425265215e-01
-9.958443999073396391e-01
-9.952519182940990916e-01
-9.946200671398148785e-01
-9.939488714388523549e-01
-9.932383577419430232e-01
-9.924885541551350387e-01
-9.916994903386807669e-01
-9.908711975058637211e-01
-9.900037084217638839e-01
-9.890970574019614103e-01
-9.881512803111796028e-01
-9.871664145618658237e-01
-9.861424991127115680e-01
-9.850795744671115850e-01
-9.839776826715616043e-01
-9.828368673139948886e-01
-9.816571735220582795e-01
-9.804386479613268479e-01
-9.791813388334580370e-01
-9.778852958742850765e-01
-9.765505703518493341e-01
-9.751772150643722714e-01
-9.737652843381668921e-01
-9.723148340254890165e-01
-9.708259215023277156e-01
-9.692986056661355709e-01
-9.677329469334989831e-01
-9.661290072377480831e-01
-9.644868500265071365e-01
-9.628065402591845512e-01
-9.610881444044029331e-01
-9.593317304373701893e-01
-9.575373678371909003e-01
-9.557051275841169646e-01
-9.538350821567405102e-01
-9.519273055291266328e-01
-9.499818731678871808e-01
-9.479988620291955881e-01
-9.459783505557425309e-01
-9.439204186736330771e-01
-9.418251477892251033e-01
-9.396926207859085389e-01
-9.375229220208276537e-01
-9.353161373215429508e-01
-9.330723539826374369e-01
-9.307916607622621630e-01
-9.284741478786258106e-01
-9.261199070064259908e-01
-9.237290312732227004e-01
-9.213016152557541583e-01
-9.188377549761962415e-01
-9.163375478983633027e-01
-9.138010929238533642e-01
-9.112284903881359144e-01
-9.086198420565820832e-01
-9.059752511204401948e-01
-9.032948221927523669e-01
-9.005786613042183752e-01
-8.978268758989992326e-01
-8.950395748304680321e-01
-8.922168683569039471e-01
-8.893588681371304983e-01
-8.864656872260988640e-01
-8.835374400704154585e-01
-8.805742425038148857e-01
-8.775762117425778275e-01
-8.745434663808944187e-01
-8.714761263861726670e-01
-8.683743130942929156e-01
-8.652381492048083489e-01
-8.620677587760915417e-01
-8.588632672204261631e-01
-8.556248012990468332e-01
-8.523524891171241347e-01
-8.490464601186979987e-01
-8.457068450815562466e-01
-8.423337761120619493e-01
-8.389273866399276081e-01
-8.354878114129367095e-01
-8.320151864916138784e-01
-8.285096492438424054e-01
-8.249713383394304822e-01
-8.214003937446253678e-01
-8.177969567165779274e-01
-8.141611697977529927e-01
-8.104931768102922041e-01
-8.067931228503244512e-01
-8.030611542822259086e-01
-7.992974187328304447e-01
-7.955020650855901820e-01
-7.916752434746856526e-01
-7.878171052790869933e-01
-7.839278031165660687e-01
-7.800074908376586347e-01
-7.760563235195790943e-01
-7.720744574600862942e-01
-7.680620501712998038e-01
-7.640192603734694554e-01
-7.599462479886976984e-01
-7.558431741346122168e-01
-7.517102011179934706e-01
-7.475474924283538325e-01
-7.433552127314704272e-01
-7.391335278628714534e-01
-7.348826048212762085e-01
-7.306026117619890403e-01
-7.262937179902475560e-01
-7.219560939545246470e-01
-7.175899112397879920e-01
-7.131953425607103769e-01
-7.087725617548384927e-01
-7.043217437757166577e-01
-6.998430646859655768e-01
-6.953367016503182452e-01
-6.908028329286113323e-01
-6.862416378687339336e-01
-6.816532968995332453e-01
-6.770379915236767188e-01
-6.723959043104729139e-01
-6.677272188886489435e-01
-6.630321199390868392e-01
-6.583107931875190610e-01
-6.535634253971794871e-01
-6.487902043614178771e-01
-6.439913188962685942e-01
-6.391669588329855767e-01
-6.343173150105280156e-01
-6.294425792680158338e-01
-6.245429444371393135e-01
-6.196186043345287553e-01
-6.146697537540928291e-01
-6.096965884593070761e-01
-6.046993051754759874e-01
-5.996781015819450111e-01
-5.946331763042872476e-01
-5.895647289064397389e-01
-5.844729598828156680e-01
-5.793580706503672628e-01
-5.742202635406242761e-01
-5.690597417916841705e-01
-5.638767095401778784e-01
-5.586713718131924855e-01
-5.534439345201586091e-01
-5.481946044447103539e-01
-5.429235892364995264e-01
-5.376310974029877565e-01
-5.323173383011923221e-01
-5.269825221294102136e-01
-5.216268599188981225e-01
-5.162505635255294489e-01
-5.108538456214090084e-01
-5.054369196864653135e-01
-5.000000000000004441e-01
-4.945433016322188235e-01
-4.890670404357173595e-01
-4.835714330369444980e-01
-4.780566968276365736e-01
-4.725230499562120823e-01
-4.669707113191485792e-01
-4.613999005523174435e-01
-4.558108380223018785e-01
-4.502037448176735568e-01
-4.445788427402533882e-01
-4.389363542963309328e-01
-4.332765026878693249e-01
-4.275995118036695075e-01
-4.219056062105194238e-01
-4.161950111443081246e-01
-4.104679525011139529e-01
-4.047246568282740764e-01
-3.989653513154164943e-01
-3.931902637854795546e-01
-3.873996226856932790e-01
-3.815936570785491977e-01
-3.757725966327325473e-01
-3.699366716140439770e-01
-3.640861128762841736e-01
-3.582211518521282723e-01
-3.523420205439647956e-01
-3.464489515147236021e-01
-3.405421778786741904e-01
-3.346219332922015788e-01
-3.286884519445694153e-01
-3.227419685486494494e-01
-3.167827183316433981e-01
-3.108109370257713944e-01
-3.048268608589538853e-01
-2.988307265454601125e-01
-2.928227712765511526e-01
-2.868032327110906499e-01
-2.807723489661493321e-01
-2.747303586075833248e-01
-2.686775006405945909e-01
-2.626140145002824333e-01
-2.565401400421651879e-01
-2.504561175326991407e-01
-2.443621876397671921e-01
-2.382585914231657165e-01
-2.321455703250618896e-01
-2.260233661604498234e-01
-2.198922211075780564e-01
-2.137523776983765167e-01
-2.076040788088557021e-01
-2.014475676495052769e-01
-1.952830877556705480e-01
-1.891108829779164224e-01
-1.829311974723872580e-01
-1.767442756911418444e-01
-1.705503623724903828e-01
-1.643497025313064019e-01
-1.581425414493415615e-01
-1.519291246655159466e-01
-1.457096979662122482e-01
-1.394845073755459908e-01
-1.332537991456405890e-01
-1.270178197468792292e-01
-1.207768158581611906e-01
-1.145310343571414452e-01
-1.082807223104619576e-01
-1.020261269639847063e-01
-9.576749573300416540e-02
-8.950507619246728108e-02
-8.323911606717304679e-02
-7.696986322198012820e-02
-7.069756565199500353e-02
-6.442247147276895791e-02
-5.814482891047623864e-02
-5.186488629210192491e-02
-4.558289203561172870e-02
-3.929909464013139203e-02
-3.301374267611409397e-02
-2.672708477550498826e-02
-2.043936962191216650e-02
-1.415084594076231918e-02
-7.861762489468911153e-03
-1.572368047584880900e-03
4.717088593031312782e-03
1.100635863806434522e-02
1.729519330057657095e-02
2.358334381085647538e-02
2.987056142625225605e-02
3.615659744101852591e-02
4.244120319614821946e-02
4.872413008921159389e-02
5.500512958419292303e-02
6.128395322131569012e-02
6.756035262687816456e-02
7.383407952307123601e-02
8.010488573780678856e-02
8.637252321452761061e-02
9.263674402202695668e-02
9.889730036424894399e-02
1.051539445900978448e-01
1.114064292032273668e-01
1.176545068718380660e-01
1.238979304384549701e-01
1.301364529297071027e-01
1.363698275660997217e-01
1.425978077717701964e-01
1.488201471842487689e-01
1.550365996641971111e-01
1.612469193051519478e-01
1.674508604432454473e-01
1.736481776669299704e-01
1.798386258266789772e-01
1.860219600446915422e-01
1.921979357245719444e-01
1.983663085610123666e-01
2.045268345494507534e-01
2.106792699957257264e-01
2.168233715257189831e-01
2.229588960949765164e-01
2.290856009983297248e-01
2.352032438794892377e-01
2.413115827406389358e-01
2.474103759520016321e-01
2.534993822614043935e-01
2.595783608038147450e-01
2.656470711108758764e-01
2.717052731204116500e-01
2.777527271859300817e-01
2.837891940860967077e-01
2.898144350342005682e-01
2.958282116876022605e-01
3.018302861571561246e-01
3.078204210166275434e-01
3.137983793120779352e-01
3.197639245712449729e-01
3.257168208128897735e-01
3.316568325561386477e-01
3.375837248297914317e-01
3.434972631816227695e-01
3.493972136876500323e-01
3.552833429613930782e-01
3.611554181631010385e-01
3.670132070089647813e-01
3.728564777803083929e-01
3.786849993327494612e-01
3.844985411053488122e-01
3.902968731297248306e-01
3.960797660391565111e-01
4.018469910776503728e-01
4.075983201089958263e-01
4.133335256257831269e-01
4.190523807584095040e-01
4.247546592840469315e-01
4.304401356355975761e-01
4.361085849106109413e-01
4.417597828801825832e-01
4.473935059978267348e-01
4.530095314083134594e-01
4.586076369564905941e-01
4.641876011960653914e-01
4.697492033983705073e-01
4.752922235610891888e-01
4.808164424169643625e-01
4.863216414424659240e-01
4.918076028664412069e-01
4.972741096787232085e-01
5.027209456387211617e-01
5.081478952839690866e-01
5.135547439386509705e-01
5.189412777220955286e-01
5.243072835572309964e-01
5.296525491790201601e-01
5.349768631428509780e-01
5.402800148329065522e-01
5.455617944704911348e-01
5.508219931223334864e-01
5.560604027088468237e-01
5.612768160123646766e-01
5.664710266853337783e-01
5.716428292584782023e-01
5.767920191489295245e-01
5.819183926683144659e-01
5.870217470308183305e-01
5.921018803612004833e-01
5.971585917027858459e-01
6.021916810254088759e-01
6.072009492333313441e-01
6.121861981731129276e-01
6.171472306414548248e-01
6.220838503929952967e-01
6.269958621480780092e-01
6.318830716004719683e-01
6.367452854250600369e-01
6.415823112854880383e-01
6.463939578417686738e-01
6.511800347578554637e-01
6.559403527091669517e-01
6.606747233900811533e-01
6.653829595213787140e-01
6.700648748576569780e-01
6.747202841946918772e-01
6.793490033767692893e-01
6.839508493039648807e-01
6.885256399393917537e-01
6.930731943163970232e-01
6.975933325457224221e-01
7.020858758226223850e-01
7.065506464339318393e-01
7.109874677651020214e-01
7.153961643071813370e-01
7.197765616637632480e-01
7.241284865578796470e-01
7.284517668388605927e-01
7.327462314891390882e-01
7.370117106310208888e-01
7.412480355333994630e-01
7.454550386184357613e-01
7.496325534681824720e-01
7.537804148311690877e-01
7.578984586289407854e-01
7.619865219625445718e-01
7.660444431189779024e-01
7.700720615775806799e-01
7.740692180163903924e-01
7.780357543184389657e-01
7.819715135780127557e-01
7.858763401068542542e-01
7.897500794403257141e-01
7.935925783435142655e-01
7.974036848172986192e-01
8.011832481043573706e-01
8.049311186951344510e-01
8.086471483337548394e-01
8.123311900238854300e-01
8.159830980345543772e-01
8.196027279059110437e-01
8.231899364549450926e-01
8.267445817811459596e-01
8.302665232721204713e-01
8.337556216091510652e-01
8.372117387727103788e-01
8.406347380479175513e-01
8.440244840299500062e-01
8.473808426293960583e-01
8.507036810775611135e-01
8.539928679317205784e-01
8.572482730803163697e-01
8.604697677481074614e-01
8.636572245012601456e-01
8.668105172523926649e-01
8.699295212655592247e-01
8.730141131611879324e-01
8.760641709209576744e-01
8.790795738926285852e-01
8.820602027948108992e-01
8.850059397216870627e-01
8.879166681476728940e-01
8.907922729320281174e-01
8.936326403234121640e-01
8.964376579643813514e-01
8.992072148958366595e-01
9.019412015614092226e-01
9.046395098117978595e-01
9.073020329090439873e-01
9.099286655307565752e-01
9.125193037742758140e-01
9.150738451607858259e-01
9.175921886393660909e-01
9.200742345909911357e-01
9.225198848324686063e-01
9.249290426203248261e-01
9.273016126546321791e-01
9.296375010827768737e-01
9.319366155031737486e-01
9.341988649689194624e-01
9.364241599913921688e-01
9.386124125437890209e-01
9.407635360646108280e-01
9.428774454610838740e-01
9.449540571125281119e-01
9.469932888736629639e-01
9.489950600778584988e-01
9.509592915403253244e-01
9.528859055612465268e-01
9.547748259288534323e-01
9.566259779224375315e-01
9.584392883153085574e-01
9.602146853776892810e-01
9.619520988795546845e-01
9.636514600934084074e-01
9.653127017970032364e-01
9.669357582759980918e-01
9.685205653265597237e-01
9.700670602579006818e-01
9.715751818947601093e-01
9.730448705798238063e-01
9.744760681760830101e-01
9.758687180691359986e-01
9.772227651694254114e-01
9.785381559144195052e-01
9.798148382707292381e-01
9.810527617361679553e-01
9.822518773417479032e-01
9.834121376536185677e-01
9.845334967749417299e-01
9.856159103477083461e-01
9.866593355544919230e-01
9.876637311201431624e-01
9.886290573134226545e-01
9.895552759485718441e-01
9.904423503868244882e-01
9.912902455378552746e-01
9.920989278611683782e-01
9.928683653674237330e-01
9.935985276197029092e-01
9.942893857347128161e-01
9.949409123839287883e-01
9.955530817946744992e-01
9.961258697511429228e-01
9.966592535953529008e-01
9.971532122280463151e-01
9.976077261095226412e-01
9.980227772604111092e-01
9.983983492623830225e-01
9.987344272588005722e-01
9.990309979553043673e-01
9.992880496203400131e-01
9.995055720856215187e-01
9.996835567465337524e-01
9.998219965624731698e-01
9.999208860571254798e-01
9.999802213186832489e-01
